densidad = [1,2,3,4,5];

v1 = [1.515910723,0.901484572,0.71901595,0.607788575,0.530766283];
e1 = [0.164164528,0.063117684,0.046927812,0.035970843,0.034529587];

v3 = [1.362326836,0.917232966,0.688207558,0.571498808,0.480730707];
e3 = [0.122355629,0.066491124,0.049723485,0.039367948,0.033207935];

v5 = [1.392881804,0.911534561,0.647916549,0.516114033,0.407110962];
e5 = [0.113199319,0.071591442,0.047003411,0.040546837,0.033592143];

hanking_sub_d = [0.03972,0.11438,0.168302,0.230543,0.305251,0.375788,0.450569,0.496316,0.537939,0.567191,0.592319,0.617375,0.646723,0.671852,0.701103,0.722132,0.751408,0.772388,0.797492,0.826768,0.851897,0.881148,0.906228,0.935456,0.95224,0.973196,0.998277,1.023429,1.04441,1.073686,1.102908,1.123913,1.149046,1.178318,1.19513,1.228508,1.249481,1.278742,1.303843,1.328998,1.358269,1.387541,1.412696,1.441978,1.475399,1.500575,1.525676,1.5633,1.5967,1.630121,1.667767,1.701188,1.734609,1.763913,1.793088,1.82652,1.864069,1.897436,1.947455,1.97663,2.018328,2.055856,2.101693,2.15169,2.193378,2.235001,2.289148,2.347433,2.401548,2.451438,2.493083,2.555399,2.626133,2.717528,2.771567,2.804827,2.850546,2.908659,2.99584,3.049804,3.112099,3.207568,3.286407,3.3362,3.377705,3.419199,3.469003,3.547831,3.630863,3.672314,3.722118,3.830003,3.883977,3.921333,3.975222,4.012556,4.095587,4.149508,4.191035,4.249223,4.290728,4.361311,4.452706,4.519237,4.589874,4.643988,4.714743,4.781328,4.827283,4.881473,4.931567,4.973383,5.019393,5.048643,5.07799,5.115636,5.145004,5.18265,5.195313,5.228852,5.254061,5.275109,5.308702,5.325558,5.338242];
hanking_sub_v = [1.61647,1.616511,1.616542,1.614839,1.61141,1.609716,1.601083,1.592437,1.582053,1.56646,1.549128,1.537,1.514469,1.497138,1.481545,1.460744,1.443417,1.426085,1.410488,1.393161,1.375829,1.360237,1.346374,1.332516,1.318648,1.303051,1.289189,1.270122,1.252791,1.235463,1.221605,1.202535,1.185207,1.167876,1.152278,1.13842,1.121089,1.105496,1.089899,1.070832,1.053505,1.036178,1.017112,0.999785,0.982457,0.961657,0.946064,0.925272,0.909679,0.892352,0.869826,0.852499,0.835176,0.81611,0.805721,0.788393,0.772805,0.758947,0.741633,0.731239,0.715656,0.701797,0.686214,0.67063,0.655046,0.644661,0.629082,0.613503,0.599658,0.591012,0.578893,0.571986,0.556416,0.546058,0.537417,0.532231,0.52532,0.521882,0.516723,0.513286,0.508113,0.502963,0.501274,0.499566,0.497854,0.496142,0.494434,0.49274,0.487581,0.489338,0.48763,0.484219,0.480781,0.479065,0.480831,0.480848,0.47569,0.475721,0.472274,0.463633,0.461921,0.456758,0.446398,0.434293,0.42566,0.411814,0.394508,0.378934,0.354677,0.335628,0.313108,0.288849,0.261123,0.24553,0.222999,0.200471,0.176206,0.153679,0.138076,0.112078,0.089545,0.067009,0.037543,0.018474,0.001137];

hanking_kids_d = [0.015809,0.098605,0.168983,0.243471,0.30968,0.375805,0.437736,0.491359,0.540731,0.5736,0.606412,0.630973,0.655479,0.675872,0.704546,0.72894,0.753362,0.777867,0.806402,0.826767,0.859497,0.883974,0.916676,0.957546,0.998445,1.031119,1.068015,1.096684,1.129471,1.162311,1.190959,1.231938,1.268895,1.305789,1.35097,1.396227,1.437323,1.47427,1.515388,1.556517,1.60588,1.651094,1.69635,1.753948,1.807482,1.873443,1.922784,1.980521,2.038205,2.091803,2.157786,2.232077,2.285676,2.351658,2.430067,2.496168,2.570492,2.653147,2.756442,2.8433,2.942542,3.037732,3.137081,3.244719,3.339909,3.455824,3.584101,3.683483,3.770395,3.857329,3.960828,4.076711,4.196764,4.316797,4.424424,4.540285,4.635507,4.767944,4.925203,5.045235,5.173545,5.285235,5.367976,5.467186,5.566353,5.669594,5.743886,5.813985,5.879914,5.933287,5.986745,6.036119,6.081215,6.122247,6.163289,6.216555,6.257415,6.298425,6.339382,6.38853,6.425402,6.449879];
hanking_kids_v = [1.486409,1.486364,1.486324,1.484571,1.482824,1.47593,1.465608,1.453578,1.434695,1.419246,1.400372,1.383214,1.362628,1.343759,1.324885,1.297441,1.271709,1.251123,1.22368,1.203093,1.179074,1.156776,1.13104,1.098442,1.06756,1.040112,1.017805,0.998931,0.97834,0.961178,0.940592,0.914852,0.895973,0.873666,0.851354,0.834188,0.815305,0.796427,0.77926,0.762094,0.743211,0.722612,0.705445,0.683129,0.665954,0.648774,0.628175,0.614428,0.597253,0.583511,0.568043,0.554292,0.540546,0.525083,0.509611,0.501001,0.488962,0.480348,0.468291,0.463101,0.45619,0.454424,0.45437,0.454317,0.452551,0.452488,0.448992,0.450651,0.448894,0.448845,0.448791,0.447015,0.446951,0.445173,0.445115,0.441625,0.441574,0.439789,0.436277,0.434499,0.432716,0.427514,0.424041,0.415416,0.403362,0.387877,0.374122,0.35694,0.338047,0.310587,0.288271,0.269386,0.241931,0.219622,0.197312,0.162995,0.130399,0.106376,0.078923,0.046322,0.022301,0];

helbing_d = [1.17236,1.25218,1.36373,1.36375,1.47791,1.56464,1.668,1.80892,1.86515,1.97264,2.07558,2.16992,2.28511,2.37843,2.47258,2.57881,2.68213,2.76623,2.88188,2.97553,3.07843,3.18475,3.27831,3.38171,3.48845,3.58165,3.69402,3.78175,3.87542,3.9883,4.08452,4.18811,4.29075,4.38795,4.48151,4.58472,4.69084,4.8028,4.89641,4.99033,5.09637,5.1897,5.28388,5.39929,5.49196,5.58519,5.69101,5.80279,5.89578,5.9918,6.08492,6.1876,6.29399,6.39636,6.49931,6.59613,6.6799,6.8018,6.89853,6.99208,7.10455,7.20105,7.29477,7.40696,7.51318,7.60709,7.71022,7.80663,7.90987,8.00362,8.10633,8.20362,8.30664,8.40923,8.506,8.60054,8.71305,8.80943,8.91282,9.01553,9.12188,9.20706,9.30975,9.43251,9.51814,9.61211,9.71798,9.83024,9.91407];
helbing_v = [1.22275581,0.934130876,0.733029999,0.735963336,0.90388454,0.76563938,0.752745803,0.734858369,0.714151677,0.802898654,0.751481514,0.776844308,0.707230724,0.649087844,0.660136376,0.63607633,0.630066402,0.595912126,0.578056685,0.557174688,0.528993675,0.519337468,0.496765102,0.500995059,0.516005676,0.476414502,0.458671041,0.462915317,0.450699537,0.459446381,0.420761803,0.434666234,0.405239177,0.41305849,0.399064155,0.39622267,0.384698689,0.357058383,0.346956239,0.34929153,0.336512066,0.317049155,0.329148277,0.316912038,0.2596705,0.255540098,0.238558709,0.212277198,0.186217939,0.157536133,0.137083314,0.123127061,0.127436173,0.104464883,0.099725509,0.098267621,0.081201216,0.082706637,0.079222965,0.074145891,0.07410955,0.064752501,0.064476605,0.057358349,0.057622605,0.062374048,0.063108446,0.052383679,0.056276778,0.056793676,0.047983613,0.05835753,0.05667129,0.045314137,0.043858453,0.06222307,0.063269349,0.053003656,0.059606275,0.051355494,0.054285191,0.071824122,0.063267864,0.018434012,0.04472502,0.049865014,0.042986711,0.039230578,0.02944603];

mori_tsuka_d = [0.0386542,0.0518545,0.0590174,0.0774875,0.0880273,0.10706,0.175134,0.199846,0.21742,0.24313,0.263084,0.281477,0.281963,0.287259,0.292913,0.297364,0.331823,0.335865,0.336095,0.40051,0.404987,0.433664,0.437552,0.443181,0.448629,0.472088,0.536196,0.540468,0.570143,0.633459,0.643026,0.667124,0.78452,0.837935,0.964181,1.00828,1.07298,1.10153,1.12054,1.12087,1.29951,1.37382,1.41516,1.43005,1.44169,1.51997,1.59603,1.84233,1.85927,1.89608,2.03831,2.06796,2.08231,2.21311,2.33025,2.36029,2.72511,3.64836,4.21252,4.57806,4.58325,4.78327,4.91523,4.94495,4.95892,4.96902,5.14521,5.32991,5.33505,5.3393,5.53016,6.07186];
mori_tsuka_v = [1.46671,1.35483,1.52959,1.44717,1.50609,1.46687,1.4415,1.46315,1.31202,1.41024,1.4417,1.35339,1.3907,1.42212,1.48104,1.44767,1.46738,1.4026,1.42027,1.48914,1.45773,1.40872,1.33215,1.3891,1.43231,1.35776,1.40306,1.35595,1.3835,1.36794,1.35226,1.32679,1.33688,1.31147,1.2509,1.26082,1.35128,1.29244,1.25126,1.27678,1.11227,1.19097,0.988844,1.00655,1.1499,1.15793,0.995148,0.773854,0.948631,0.773977,0.815533,0.841124,0.817597,0.731509,0.721961,0.777003,0.652184,0.636629,0.435696,0.365853,0.389425,0.366323,0.368589,0.40007,0.347092,0.372638,0.394639,0.320455,0.3401,0.291026,0.315023,0.265217];

